start=38.299000
volume=52.000000
